original_label original_distance transformed_label transformed_distance
x0 1,876928 y0 1,712053 0,087843
x1 2,432724 y1 1,935624 0,204339
x2 2,329215 y2 1,218472 0,476874
x3 2,242597 y3 1,975956 0,118898
x4 2,284057 y4 1,497667 0,344296
x5 2,625088 y5 1,663997 0,366118
x6 2,634533 y6 1,731721 0,342684
x7 2,302465 y7 1,929741 0,161880
x8 2,491119 y8 1,365274 0,451944
x9 2,243740 y9 1,713712 0,236225
x10 2,444680 y10 1,982642 0,188997
x11 2,175520 y11 1,636750 0,247651
x12 1,833641 y12 1,862478 0,015726
x13 2,320476 y13 1,794119 0,226831
x14 2,609304 y14 1,365986 0,476494
x15 2,267989 y15 1,341802 0,408374
x16 2,181454 y16 1,623978 0,255553
x17 2,577245 y17 1,453636 0,435973
x18 2,829037 y18 1,726926 0,389571
x19 2,298845 y19 1,825722 0,205809
x20 2,434719 y20 1,046306 0,570256
x21 2,360298 y21 1,932010 0,181455
x22 2,474399 y22 1,287439 0,479696
x23 2,500827 y23 1,789380 0,284485
x24 2,183290 y24 1,825032 0,164091
x25 2,213341 y25 1,957155 0,115746
x26 2,646512 y26 1,536984 0,419242
x27 2,803347 y27 1,307772 0,533496
x28 2,142457 y28 1,578552 0,263205
x29 2,495816 y29 1,932244 0,225807
x30 1,568714 y30 1,473399 0,060760
x31 2,258137 y31 1,509966 0,331322
x32 2,342466 y32 1,851695 0,209510
x33 1,810273 y33 1,739485 0,039103
x34 2,619020 y34 1,399805 0,465523
x35 1,741209 y35 1,987486 0,141440
x36 2,283475 y36 1,674662 0,266617
x37 2,695735 y37 1,506683 0,441086
x38 2,102226 y38 1,963693 0,065898
x39 1,443803 y39 1,562305 0,082076
x40 2,106754 y40 1,924896 0,086322
x41 2,230699 y41 1,231123 0,448100
x42 2,329417 y42 1,829944 0,214420
x43 1,961052 y43 1,996159 0,017902
x44 2,023434 y44 1,677742 0,170844
x45 2,370846 y45 1,568418 0,338457
x46 2,275078 y46 1,634910 0,281383
x47 2,232846 y47 1,574438 0,294874
x48 1,903092 y48 1,904828 0,000912
x49 2,484087 y49 1,286398 0,482145
x50 1,738452 y50 1,488028 0,144050
x51 1,719730 y51 1,683386 0,021133
x52 2,261004 y52 1,746035 0,227761
x53 2,127860 y53 1,992489 0,063618
x54 2,083843 y54 1,976656 0,051437
x55 2,520062 y55 1,260704 0,499733
x56 2,706506 y56 1,533424 0,433430
x57 2,185776 y57 1,680690 0,231079
x58 2,448864 y58 1,943155 0,206508
x59 2,591252 y59 1,475144 0,430722
x60 2,455597 y60 1,985891 0,191280
x61 1,842637 y61 1,652016 0,103450
x62 2,448923 y62 1,726262 0,295093
x63 2,629535 y63 1,715278 0,347688
x64 2,430469 y64 1,163553 0,521264
x65 2,397899 y65 1,250697 0,478420
x66 1,902835 y66 1,639987 0,138135
x67 2,491904 y67 1,540208 0,381915
x68 2,227088 y68 0,867421 0,610513
x69 2,013679 y69 1,381006 0,314188
x70 2,515785 y70 1,941033 0,228458
x71 2,310302 y71 1,403577 0,392470
x72 1,755028 y72 1,991249 0,134597
x73 2,066724 y73 1,712214 0,171533
x74 2,463371 y74 1,199841 0,512927
x75 2,163329 y75 1,774582 0,179699
x76 2,610175 y76 1,790213 0,314141
x77 2,164906 y77 1,386537 0,359539
x78 2,590549 y78 1,840752 0,289436
x79 2,345255 y79 1,600167 0,317700
x80 1,968622 y80 1,060929 0,461080
x81 2,230417 y81 1,969893 0,116805
x82 2,120336 y82 1,804563 0,148926
x83 2,691702 y83 1,401943 0,479161
x84 2,289630 y84 1,922101 0,160519
x85 1,866231 y85 1,943922 0,041630
x86 2,472041 y86 1,789642 0,276047
x87 2,031572 y87 1,700674 0,162878
x88 2,139481 y88 1,890005 0,116606
x89 2,287768 y89 1,758530 0,231334
x90 2,283687 y90 1,856116 0,187228
x91 1,731705 y91 1,442744 0,166865
x92 2,265671 y92 1,784649 0,212309
x93 1,467078 y93 1,592192 0,085281
x94 1,790780 y94 1,751592 0,021884
x95 2,272176 y95 1,774536 0,219015
x96 2,299347 y96 1,913218 0,167930
x97 2,561817 y97 1,711595 0,331882
x98 1,927466 y98 1,635440 0,151508
x99 2,257760 y99 1,563375 0,307555
